game.txt

Backtracking:
Execution Time: 50.3283650576
Consistency Checks: 404746
Solution: [[8, 11, 12, 1, 7, 10, 5, 2, 6, 4, 3, 9], [7, 10, 4, 2, 6, 8, 9, 3, 5, 12, 11, 1], [3, 6, 9, 5, 1, 12, 4, 11, 7, 2, 10, 8], [11, 4, 1, 12, 9, 5, 2, 10, 8, 7, 6, 3], [6, 8, 5, 9, 4, 3, 7, 12, 10, 1, 2, 11], [2, 3, 7, 10, 11, 6, 1, 8, 4, 9, 5, 12], [5, 12, 8, 6, 10, 2, 11, 4, 1, 3, 9, 7], [1, 9, 11, 3, 5, 7, 8, 6, 12, 10, 4, 2], [10, 7, 2, 4, 12, 1, 3, 9, 11, 6, 8, 5], [12, 5, 6, 8, 2, 9, 10, 7, 3, 11, 1, 4], [9, 1, 10, 11, 3, 4, 12, 5, 2, 8, 7, 6], [4, 2, 3, 7, 8, 11, 6, 1, 9, 5, 12, 10]]

backtrackingMRV:
Execution Time: 3.95316387977
Consistency Checks: 459
Solution: [[8, 11, 12, 1, 7, 10, 5, 2, 6, 4, 3, 9], [7, 10, 4, 2, 6, 8, 9, 3, 5, 12, 11, 1], [3, 6, 9, 5, 1, 12, 4, 11, 7, 2, 10, 8], [11, 4, 1, 12, 9, 5, 2, 10, 8, 7, 6, 3], [6, 8, 5, 9, 4, 3, 7, 12, 10, 1, 2, 11], [2, 3, 7, 10, 11, 6, 1, 8, 4, 9, 5, 12], [5, 12, 8, 6, 10, 2, 11, 4, 1, 3, 9, 7], [1, 9, 11, 3, 5, 7, 8, 6, 12, 10, 4, 2], [10, 7, 2, 4, 12, 1, 3, 9, 11, 6, 8, 5], [12, 5, 6, 8, 2, 9, 10, 7, 3, 11, 1, 4], [9, 1, 10, 11, 3, 4, 12, 5, 2, 8, 7, 6], [4, 2, 3, 7, 8, 11, 6, 1, 9, 5, 12, 10]]

backtrackingMRVfwd:
Execution Time: 4.97388334272
Consistency Checks: 428
Solution: [[8, 11, 12, 1, 7, 10, 5, 2, 6, 4, 3, 9], [7, 10, 4, 2, 6, 8, 9, 3, 5, 12, 11, 1], [3, 6, 9, 5, 1, 12, 4, 11, 7, 2, 10, 8], [11, 4, 1, 12, 9, 5, 2, 10, 8, 7, 6, 3], [6, 8, 5, 9, 4, 3, 7, 12, 10, 1, 2, 11], [2, 3, 7, 10, 11, 6, 1, 8, 4, 9, 5, 12], [5, 12, 8, 6, 10, 2, 11, 4, 1, 3, 9, 7], [1, 9, 11, 3, 5, 7, 8, 6, 12, 10, 4, 2], [10, 7, 2, 4, 12, 1, 3, 9, 11, 6, 8, 5], [12, 5, 6, 8, 2, 9, 10, 7, 3, 11, 1, 4], [9, 1, 10, 11, 3, 4, 12, 5, 2, 8, 7, 6], [4, 2, 3, 7, 8, 11, 6, 1, 9, 5, 12, 10]]

backtrackingMRVcp:
Execution Time: 3.2461757011
Consistency Checks: 138
Solution: [[8, 11, 12, 1, 7, 10, 5, 2, 6, 4, 3, 9], [7, 10, 4, 2, 6, 8, 9, 3, 5, 12, 11, 1], [3, 6, 9, 5, 1, 12, 4, 11, 7, 2, 10, 8], [11, 4, 1, 12, 9, 5, 2, 10, 8, 7, 6, 3], [6, 8, 5, 9, 4, 3, 7, 12, 10, 1, 2, 11], [2, 3, 7, 10, 11, 6, 1, 8, 4, 9, 5, 12], [5, 12, 8, 6, 10, 2, 11, 4, 1, 3, 9, 7], [1, 9, 11, 3, 5, 7, 8, 6, 12, 10, 4, 2], [10, 7, 2, 4, 12, 1, 3, 9, 11, 6, 8, 5], [12, 5, 6, 8, 2, 9, 10, 7, 3, 11, 1, 4], [9, 1, 10, 11, 3, 4, 12, 5, 2, 8, 7, 6], [4, 2, 3, 7, 8, 11, 6, 1, 9, 5, 12, 10]]

minConflict:
Execution Time: 6.96259412858
Consistency Checks: 50000
Solution: Solution not reached



game_small.txt

Backtracking:
Execution Time: 0.00185288912418
Consistency Checks: 9
Solution: [[1, 2, 4, 3], [3, 4, 2, 1], [4, 3, 1, 2], [2, 1, 3, 4]]

backtrackingMRV:
Execution Time: 0.00251044476323
Consistency Checks: 9
Solution: [[1, 2, 4, 3], [3, 4, 2, 1], [4, 3, 1, 2], [2, 1, 3, 4]]

backtrackingMRVfwd:
Execution Time: 0.00349408933258
Consistency Checks: 9
Solution: [[1, 2, 4, 3], [3, 4, 2, 1], [4, 3, 1, 2], [2, 1, 3, 4]]

backtrackingMRVcp:
Execution Time: 0.00354640045034
Consistency Checks: 9
Solution: [[1, 2, 4, 3], [3, 4, 2, 1], [4, 3, 1, 2], [2, 1, 3, 4]]

minConflict:
Execution Time: 0.00174875577762
Consistency Checks: 1
Solution: [[1, 2, 4, 3], [3, 4, 2, 1], [4, 3, 1, 2], [2, 1, 3, 4]]



game0.txt

Backtracking:
Execution Time: 0.941102919505
Consistency Checks: 7426
Solution: [[1, 2, 3, 4, 5, 6, 7, 8, 9, 10, 11, 12], [5, 6, 7, 8, 9, 10, 11, 12, 1, 2, 3, 4], [9, 10, 11, 12, 1, 2, 3, 4, 5, 6, 7, 8], [2, 1, 4, 3, 6, 5, 8, 7, 10, 9, 12, 11], [6, 5, 8, 7, 10, 9, 12, 11, 2, 1, 4, 3], [10, 9, 12, 11, 2, 1, 4, 3, 6, 5, 8, 7], [3, 4, 1, 2, 7, 8, 5, 6, 11, 12, 9, 10], [7, 8, 5, 6, 11, 12, 9, 10, 3, 4, 1, 2], [11, 12, 9, 10, 3, 4, 1, 2, 7, 8, 5, 6], [4, 3, 2, 1, 8, 7, 6, 5, 12, 11, 10, 9], [8, 7, 6, 5, 12, 11, 10, 9, 4, 3, 2, 1], [12, 11, 10, 9, 4, 3, 2, 1, 8, 7, 6, 5]]

backtrackingMRV:
Execution Time: 2.93032459433
Consistency Checks: 161
Solution: [[1, 2, 3, 4, 5, 6, 7, 8, 9, 10, 11, 12], [5, 6, 7, 8, 9, 10, 11, 12, 1, 2, 3, 4], [9, 10, 11, 12, 1, 2, 3, 4, 5, 6, 7, 8], [2, 7, 1, 3, 10, 9, 4, 5, 11, 12, 8, 6], [12, 11, 10, 5, 7, 8, 6, 2, 3, 1, 4, 9], [4, 8, 9, 6, 11, 12, 1, 3, 7, 5, 2, 10], [3, 1, 6, 10, 2, 4, 9, 11, 8, 7, 12, 5], [7, 5, 4, 2, 8, 3, 12, 1, 6, 9, 10, 11], [8, 9, 12, 11, 6, 5, 10, 7, 2, 4, 1, 3], [6, 4, 2, 1, 12, 11, 8, 9, 10, 3, 5, 7], [10, 3, 8, 7, 4, 1, 5, 6, 12, 11, 9, 2], [11, 12, 5, 9, 3, 7, 2, 10, 4, 8, 6, 1]]

backtrackingMRVfwd:
Execution Time: 3.42946945771
Consistency Checks: 155
Solution: [[1, 2, 3, 4, 5, 6, 7, 8, 9, 10, 11, 12], [5, 6, 7, 8, 9, 10, 11, 12, 1, 2, 3, 4], [9, 10, 11, 12, 1, 2, 3, 4, 5, 6, 7, 8], [2, 7, 1, 3, 10, 9, 4, 5, 11, 12, 8, 6], [12, 11, 10, 5, 7, 8, 6, 2, 3, 1, 4, 9], [4, 8, 9, 6, 11, 12, 1, 3, 7, 5, 2, 10], [3, 1, 6, 10, 2, 4, 9, 11, 8, 7, 12, 5], [7, 5, 4, 2, 8, 3, 12, 1, 6, 9, 10, 11], [8, 9, 12, 11, 6, 5, 10, 7, 2, 4, 1, 3], [6, 4, 2, 1, 12, 11, 8, 9, 10, 3, 5, 7], [10, 3, 8, 7, 4, 1, 5, 6, 12, 11, 9, 2], [11, 12, 5, 9, 3, 7, 2, 10, 4, 8, 6, 1]]

backtrackingMRVcp:
Execution Time: 5.99496507238
Consistency Checks: 149
Solution: [[1, 2, 3, 4, 5, 6, 7, 8, 9, 10, 11, 12], [5, 6, 7, 8, 9, 10, 11, 12, 1, 2, 3, 4], [9, 10, 11, 12, 1, 2, 3, 4, 5, 6, 7, 8], [2, 7, 1, 3, 10, 9, 4, 5, 11, 12, 8, 6], [12, 11, 10, 5, 7, 8, 6, 2, 3, 1, 4, 9], [4, 8, 9, 6, 11, 12, 1, 3, 7, 5, 2, 10], [3, 1, 6, 10, 2, 4, 9, 11, 8, 7, 12, 5], [7, 5, 4, 2, 8, 3, 12, 1, 6, 9, 10, 11], [8, 9, 12, 11, 6, 5, 10, 7, 2, 4, 1, 3], [6, 4, 2, 1, 12, 11, 8, 9, 10, 3, 5, 7], [10, 3, 8, 7, 4, 1, 5, 6, 12, 11, 9, 2], [11, 12, 5, 9, 3, 7, 2, 10, 4, 8, 6, 1]]

minConflict:
Execution Time: 7.2828726137
Consistency Checks: 50000
Solution: Solution not reached



game1.txt

Backtracking:
Execution Time: 0.0266126700461
Consistency Checks: 210
Solution: [[1, 9, 6, 7, 11, 8, 5, 4, 2, 10, 12, 3], [5, 2, 10, 11, 6, 12, 1, 3, 7, 8, 4, 9], [12, 8, 3, 4, 2, 7, 10, 9, 11, 1, 6, 5], [2, 7, 9, 1, 4, 10, 8, 5, 12, 6, 3, 11], [11, 12, 8, 10, 3, 1, 6, 2, 5, 9, 7, 4], [3, 5, 4, 6, 9, 11, 7, 12, 8, 2, 10, 1], [9, 10, 2, 12, 8, 3, 4, 11, 6, 5, 1, 7], [6, 3, 1, 8, 12, 5, 9, 7, 10, 4, 11, 2], [4, 11, 7, 5, 1, 6, 2, 10, 3, 12, 9, 8], [10, 1, 12, 2, 7, 4, 11, 8, 9, 3, 5, 6], [8, 4, 11, 3, 5, 9, 12, 6, 1, 7, 2, 10], [7, 6, 5, 9, 10, 2, 3, 1, 4, 11, 8, 12]]

backtrackingMRV:
Execution Time: 0.496356240807
Consistency Checks: 77
Solution: [[1, 9, 6, 7, 11, 8, 5, 4, 2, 10, 12, 3], [5, 2, 10, 11, 6, 12, 1, 3, 7, 8, 4, 9], [12, 8, 3, 4, 2, 7, 10, 9, 11, 1, 6, 5], [2, 7, 9, 1, 4, 10, 8, 5, 12, 6, 3, 11], [11, 12, 8, 10, 3, 1, 6, 2, 5, 9, 7, 4], [3, 5, 4, 6, 9, 11, 7, 12, 8, 2, 10, 1], [9, 10, 2, 12, 8, 3, 4, 11, 6, 5, 1, 7], [6, 3, 1, 8, 12, 5, 9, 7, 10, 4, 11, 2], [4, 11, 7, 5, 1, 6, 2, 10, 3, 12, 9, 8], [10, 1, 12, 2, 7, 4, 11, 8, 9, 3, 5, 6], [8, 4, 11, 3, 5, 9, 12, 6, 1, 7, 2, 10], [7, 6, 5, 9, 10, 2, 3, 1, 4, 11, 8, 12]]

backtrackingMRVfwd:
Execution Time: 0.684785775846
Consistency Checks: 77
Solution: [[1, 9, 6, 7, 11, 8, 5, 4, 2, 10, 12, 3], [5, 2, 10, 11, 6, 12, 1, 3, 7, 8, 4, 9], [12, 8, 3, 4, 2, 7, 10, 9, 11, 1, 6, 5], [2, 7, 9, 1, 4, 10, 8, 5, 12, 6, 3, 11], [11, 12, 8, 10, 3, 1, 6, 2, 5, 9, 7, 4], [3, 5, 4, 6, 9, 11, 7, 12, 8, 2, 10, 1], [9, 10, 2, 12, 8, 3, 4, 11, 6, 5, 1, 7], [6, 3, 1, 8, 12, 5, 9, 7, 10, 4, 11, 2], [4, 11, 7, 5, 1, 6, 2, 10, 3, 12, 9, 8], [10, 1, 12, 2, 7, 4, 11, 8, 9, 3, 5, 6], [8, 4, 11, 3, 5, 9, 12, 6, 1, 7, 2, 10], [7, 6, 5, 9, 10, 2, 3, 1, 4, 11, 8, 12]]

backtrackingMRVcp:
Execution Time: 1.25827011534
Consistency Checks: 77
Solution: [[1, 9, 6, 7, 11, 8, 5, 4, 2, 10, 12, 3], [5, 2, 10, 11, 6, 12, 1, 3, 7, 8, 4, 9], [12, 8, 3, 4, 2, 7, 10, 9, 11, 1, 6, 5], [2, 7, 9, 1, 4, 10, 8, 5, 12, 6, 3, 11], [11, 12, 8, 10, 3, 1, 6, 2, 5, 9, 7, 4], [3, 5, 4, 6, 9, 11, 7, 12, 8, 2, 10, 1], [9, 10, 2, 12, 8, 3, 4, 11, 6, 5, 1, 7], [6, 3, 1, 8, 12, 5, 9, 7, 10, 4, 11, 2], [4, 11, 7, 5, 1, 6, 2, 10, 3, 12, 9, 8], [10, 1, 12, 2, 7, 4, 11, 8, 9, 3, 5, 6], [8, 4, 11, 3, 5, 9, 12, 6, 1, 7, 2, 10], [7, 6, 5, 9, 10, 2, 3, 1, 4, 11, 8, 12]]

minConflict:
Execution Time: 6.99061186547
Consistency Checks: 50000
Solution: Solution not reached



game2.txt

Backtracking:
Execution Time: 5.45147504781
Consistency Checks: 46019
Solution: [[3, 2, 12, 11, 7, 10, 1, 4, 6, 8, 9, 5], [5, 9, 8, 6, 3, 2, 12, 11, 7, 4, 1, 10], [10, 1, 4, 7, 5, 8, 6, 9, 2, 3, 11, 12], [2, 12, 11, 5, 1, 7, 8, 3, 10, 6, 4, 9], [9, 8, 6, 10, 2, 4, 11, 12, 5, 7, 3, 1], [4, 7, 3, 1, 6, 9, 5, 10, 11, 12, 2, 8], [11, 5, 9, 12, 8, 6, 10, 2, 3, 1, 7, 4], [7, 3, 1, 2, 11, 12, 4, 5, 9, 10, 8, 6], [8, 6, 10, 4, 9, 1, 3, 7, 12, 11, 5, 2], [12, 4, 2, 9, 10, 3, 7, 8, 1, 5, 6, 11], [1, 10, 5, 3, 4, 11, 9, 6, 8, 2, 12, 7], [6, 11, 7, 8, 12, 5, 2, 1, 4, 9, 10, 3]]

backtrackingMRV:
Execution Time: 20.3251611588
Consistency Checks: 2482
Solution: [[3, 2, 12, 11, 7, 10, 1, 4, 6, 8, 9, 5], [5, 9, 8, 6, 3, 2, 12, 11, 7, 4, 1, 10], [10, 1, 4, 7, 5, 8, 6, 9, 2, 3, 11, 12], [2, 12, 11, 5, 1, 7, 8, 3, 10, 6, 4, 9], [9, 8, 6, 10, 2, 4, 11, 12, 5, 7, 3, 1], [4, 7, 3, 1, 6, 9, 5, 10, 11, 12, 2, 8], [11, 5, 9, 12, 8, 6, 10, 2, 3, 1, 7, 4], [7, 3, 1, 2, 11, 12, 4, 5, 9, 10, 8, 6], [8, 6, 10, 4, 9, 1, 3, 7, 12, 11, 5, 2], [12, 4, 2, 9, 10, 3, 7, 8, 1, 5, 6, 11], [1, 10, 5, 3, 4, 11, 9, 6, 8, 2, 12, 7], [6, 11, 7, 8, 12, 5, 2, 1, 4, 9, 10, 3]]

backtrackingMRVfwd:
Execution Time: 25.8574837724
Consistency Checks: 2277
Solution: [[3, 2, 12, 11, 7, 10, 1, 4, 6, 8, 9, 5], [5, 9, 8, 6, 3, 2, 12, 11, 7, 4, 1, 10], [10, 1, 4, 7, 5, 8, 6, 9, 2, 3, 11, 12], [2, 12, 11, 5, 1, 7, 8, 3, 10, 6, 4, 9], [9, 8, 6, 10, 2, 4, 11, 12, 5, 7, 3, 1], [4, 7, 3, 1, 6, 9, 5, 10, 11, 12, 2, 8], [11, 5, 9, 12, 8, 6, 10, 2, 3, 1, 7, 4], [7, 3, 1, 2, 11, 12, 4, 5, 9, 10, 8, 6], [8, 6, 10, 4, 9, 1, 3, 7, 12, 11, 5, 2], [12, 4, 2, 9, 10, 3, 7, 8, 1, 5, 6, 11], [1, 10, 5, 3, 4, 11, 9, 6, 8, 2, 12, 7], [6, 11, 7, 8, 12, 5, 2, 1, 4, 9, 10, 3]]

backtrackingMRVcp:
Execution Time: 16.5262696097
Consistency Checks: 646
Solution: [[3, 2, 12, 11, 7, 10, 1, 4, 6, 8, 9, 5], [5, 9, 8, 6, 3, 2, 12, 11, 7, 4, 1, 10], [10, 1, 4, 7, 5, 8, 6, 9, 2, 3, 11, 12], [2, 12, 11, 5, 1, 7, 8, 3, 10, 6, 4, 9], [9, 8, 6, 10, 2, 4, 11, 12, 5, 7, 3, 1], [4, 7, 3, 1, 6, 9, 5, 10, 11, 12, 2, 8], [11, 5, 9, 12, 8, 6, 10, 2, 3, 1, 7, 4], [7, 3, 1, 2, 11, 12, 4, 5, 9, 10, 8, 6], [8, 6, 10, 4, 9, 1, 3, 7, 12, 11, 5, 2], [12, 4, 2, 9, 10, 3, 7, 8, 1, 5, 6, 11], [1, 10, 5, 3, 4, 11, 9, 6, 8, 2, 12, 7], [6, 11, 7, 8, 12, 5, 2, 1, 4, 9, 10, 3]]

minConflict:
Execution Time: 7.2720143901
Consistency Checks: 50000
Solution: Solution not reached



game3.txt

Backtracking:
Execution Time: 269.17057978
Consistency Checks: 2136173
Solution: [[1, 3, 4, 9, 11, 5, 7, 6, 10, 2, 8, 12], [5, 11, 6, 10, 1, 12, 2, 8, 9, 3, 7, 4], [7, 12, 8, 2, 3, 4, 10, 9, 11, 1, 6, 5], [10, 4, 9, 5, 2, 1, 8, 11, 3, 6, 12, 7], [8, 6, 7, 3, 4, 10, 9, 12, 1, 5, 11, 2], [2, 1, 11, 12, 5, 7, 6, 3, 4, 8, 10, 9], [12, 8, 10, 6, 7, 9, 5, 1, 2, 11, 4, 3], [9, 2, 3, 11, 10, 6, 12, 4, 5, 7, 1, 8], [4, 7, 5, 1, 8, 3, 11, 2, 12, 10, 9, 6], [6, 5, 12, 7, 9, 2, 1, 10, 8, 4, 3, 11], [11, 9, 1, 4, 6, 8, 3, 5, 7, 12, 2, 10], [3, 10, 2, 8, 12, 11, 4, 7, 6, 9, 5, 1]]

backtrackingMRV:
Execution Time: 1.01032128385
Consistency Checks: 101
Solution: [[5, 3, 9, 4, 11, 7, 6, 2, 10, 1, 8, 12], [6, 11, 1, 12, 3, 4, 10, 8, 9, 2, 7, 5], [7, 10, 8, 2, 12, 1, 5, 9, 11, 3, 6, 4], [10, 4, 2, 5, 1, 8, 3, 11, 7, 6, 12, 9], [8, 6, 7, 3, 4, 10, 9, 12, 2, 5, 11, 1], [1, 12, 11, 9, 7, 5, 2, 6, 4, 8, 10, 3], [12, 8, 10, 6, 5, 9, 7, 1, 3, 11, 4, 2], [9, 2, 3, 11, 10, 6, 12, 4, 5, 7, 1, 8], [4, 7, 5, 1, 8, 2, 11, 3, 12, 10, 9, 6], [2, 5, 6, 7, 9, 12, 1, 10, 8, 4, 3, 11], [11, 9, 4, 10, 6, 3, 8, 5, 1, 12, 2, 7], [3, 1, 12, 8, 2, 11, 4, 7, 6, 9, 5, 10]]

backtrackingMRVfwd:
Execution Time: 1.22181806626
Consistency Checks: 101
Solution: [[5, 3, 9, 4, 11, 7, 6, 2, 10, 1, 8, 12], [6, 11, 1, 12, 3, 4, 10, 8, 9, 2, 7, 5], [7, 10, 8, 2, 12, 1, 5, 9, 11, 3, 6, 4], [10, 4, 2, 5, 1, 8, 3, 11, 7, 6, 12, 9], [8, 6, 7, 3, 4, 10, 9, 12, 2, 5, 11, 1], [1, 12, 11, 9, 7, 5, 2, 6, 4, 8, 10, 3], [12, 8, 10, 6, 5, 9, 7, 1, 3, 11, 4, 2], [9, 2, 3, 11, 10, 6, 12, 4, 5, 7, 1, 8], [4, 7, 5, 1, 8, 2, 11, 3, 12, 10, 9, 6], [2, 5, 6, 7, 9, 12, 1, 10, 8, 4, 3, 11], [11, 9, 4, 10, 6, 3, 8, 5, 1, 12, 2, 7], [3, 1, 12, 8, 2, 11, 4, 7, 6, 9, 5, 10]]

backtrackingMRVcp:
Execution Time: 2.12332782518
Consistency Checks: 101
Solution: [[5, 3, 9, 4, 11, 7, 6, 2, 10, 1, 8, 12], [6, 11, 1, 12, 3, 4, 10, 8, 9, 2, 7, 5], [7, 10, 8, 2, 12, 1, 5, 9, 11, 3, 6, 4], [10, 4, 2, 5, 1, 8, 3, 11, 7, 6, 12, 9], [8, 6, 7, 3, 4, 10, 9, 12, 2, 5, 11, 1], [1, 12, 11, 9, 7, 5, 2, 6, 4, 8, 10, 3], [12, 8, 10, 6, 5, 9, 7, 1, 3, 11, 4, 2], [9, 2, 3, 11, 10, 6, 12, 4, 5, 7, 1, 8], [4, 7, 5, 1, 8, 2, 11, 3, 12, 10, 9, 6], [2, 5, 6, 7, 9, 12, 1, 10, 8, 4, 3, 11], [11, 9, 4, 10, 6, 3, 8, 5, 1, 12, 2, 7], [3, 1, 12, 8, 2, 11, 4, 7, 6, 9, 5, 10]]

minConflict:
Execution Time: 6.48467633456
Consistency Checks: 50000
Solution: Solution not reached
